# kolumny: 1-nr, 2-czas przechwycenia(L), 3- przetwarzanie(L), 4-przeplot(L)
# 5-czas przechwycenia(R), 6-przetwarzanie(R), 7-przeplot(R),
# 8- czas wyświetlenia gotowej ramki  

0 3.434543 0.012442 0.001025 3.446468 0.008638 0.000737 0.000000
1 3.469575 0.014815 0.001095 3.467090 0.017573 0.001297 0.030113
2 3.499529 0.015936 0.001136 3.500884 0.018551 0.001068 0.072901
3 3.535246 0.019126 0.001618 3.534618 0.019711 0.001682 0.100171
4 3.564791 0.015463 0.001094 3.565161 0.021885 0.000981 0.132257
5 3.596884 0.016375 0.001059 3.597259 0.021773 0.000948 0.164367
6 3.629641 0.016434 0.001265 3.632682 0.013840 0.001361 0.192070
7 3.656490 0.019842 0.001591 3.665677 0.010781 0.001550 0.222174
8 3.685812 0.013395 0.001125 3.697136 0.009581 0.000937 0.251838
9 3.722986 0.014752 0.001153 3.733222 0.014434 0.000846 0.292715
10 3.756452 0.008502 0.001858 3.764196 0.014874 0.000982 0.324819
11 3.789456 0.009837 0.001765 3.802060 0.008296 0.000846 0.355401
12 3.824713 0.012915 0.001307 3.834530 0.009910 0.000839 0.389489
13 3.854162 0.020483 0.001516 3.866110 0.011358 0.000908 0.422595
14 3.886311 0.012898 0.001170 3.897746 0.011191 0.000824 0.453984
15 3.922644 0.009414 0.002175 3.933645 0.012149 0.000912 0.490903
16 3.956988 0.014142 0.001146 3.964137 0.014853 0.000855 0.524197
17 3.987950 0.009727 0.001745 3.997033 0.008936 0.001016 0.556311
18 4.024698 0.010324 0.001617 4.032363 0.008926 0.000917 0.586392
19 4.056477 0.009613 0.001610 4.064439 0.008846 0.000749 0.618263
20 4.088721 0.008410 0.000878 4.102562 0.007757 0.000713 0.655269
21 4.124874 0.013918 0.001501 4.133317 0.009005 0.000718 0.687265
22 4.156852 0.008612 0.002116 4.167159 0.008534 0.000707 0.720621
23 4.189881 0.013418 0.001528 4.197116 0.010069 0.000856 0.752272
24 4.224679 0.018101 0.001401 4.233997 0.008808 0.001312 0.788427
25 4.256790 0.009682 0.001476 4.264568 0.009485 0.000808 0.819082
26 4.292771 0.016032 0.000875 4.294590 0.013439 0.000762 0.853960
27 4.326973 0.010524 0.001306 4.331675 0.011704 0.000862 0.888412
28 4.356191 0.009149 0.001526 4.365680 0.008779 0.000880 0.919544
29 4.387326 0.015976 0.001442 4.398591 0.010002 0.000887 0.953705
30 4.423593 0.012213 0.001719 4.438428 0.008509 0.000847 0.991977
31 4.455975 0.015610 0.001539 4.465782 0.011711 0.000844 1.022537
32 4.486586 0.017022 0.001306 4.497514 0.011618 0.000910 1.054249
33 4.522323 0.015101 0.001064 4.533809 0.010932 0.000850 1.089791
34 4.553529 0.009128 0.001405 4.565833 0.012076 0.000893 1.122989
35 4.588835 0.010313 0.001123 4.598222 0.012809 0.000871 1.156380
36 4.622492 0.009644 0.002132 4.633518 0.008679 0.000794 1.187166
37 4.659639 0.015105 0.001036 4.662681 0.013387 0.000755 1.221067
38 4.825729 0.008534 0.001312 4.831446 0.008590 0.000695 1.384946
39 4.856146 0.009555 0.001508 4.865374 0.008610 0.000809 1.419005
40 4.890342 0.010163 0.001437 4.895034 0.011747 0.000712 1.451712
41 4.922816 0.010084 0.001557 4.932509 0.007851 0.000892 1.485459
42 4.957197 0.010198 0.001530 4.963948 0.009946 0.000734 1.518851
43 4.988837 0.009766 0.001470 4.997493 0.008589 0.000756 1.551060
44 5.022749 0.009401 0.001686 5.033296 0.008715 0.000765 1.587017
45 5.056922 0.010026 0.001510 5.064014 0.009525 0.000758 1.618492
46 5.091077 0.010839 0.001372 5.094501 0.012384 0.000709 1.651828
47 5.123803 0.009361 0.001589 5.133036 0.008348 0.000685 1.686315
48 5.160000 0.015626 0.001050 5.163777 0.013341 0.000794 1.722138
49 5.187878 0.009290 0.002023 5.199417 0.008936 0.000876 1.753390
50 5.225068 0.009078 0.001892 5.236098 0.008494 0.000849 1.789664
51 5.255029 0.011900 0.001622 5.266253 0.008510 0.000839 1.819827
52 5.286847 0.013703 0.001677 5.298672 0.008899 0.000873 1.852639
53 5.323987 0.012284 0.001576 5.334826 0.008953 0.000865 1.888831
54 5.354416 0.013188 0.002007 5.369273 0.008529 0.000974 1.922985
55 5.387486 0.013414 0.001079 5.403860 0.008949 0.000864 1.957870
56 5.424042 0.019817 0.001561 5.434952 0.008929 0.001552 1.989592
57 5.455062 0.010439 0.000972 5.469677 0.008478 0.000735 2.023141
58 5.489591 0.010533 0.001892 5.501745 0.008506 0.000742 2.055217
59 5.528210 0.008504 0.001705 5.537749 0.009704 0.000751 2.092405
60 5.558008 0.009732 0.001615 5.565913 0.009314 0.000868 2.120299
61 5.587219 0.014170 0.001693 5.601656 0.008969 0.000805 2.155655
62 5.623049 0.011895 0.001505 5.634822 0.008722 0.000824 2.188582
63 5.655613 0.016112 0.001513 5.666276 0.011323 0.000907 2.222672
64 5.686589 0.015669 0.001513 5.705384 0.008475 0.000976 2.259065
65 5.723376 0.011836 0.000901 5.740674 0.007965 0.000716 2.293577
66 5.759722 0.009364 0.001678 5.769827 0.008686 0.000872 2.323580
67 5.789722 0.017341 0.001213 5.801712 0.011433 0.000835 2.358215
68 5.821746 0.021484 0.001236 5.833920 0.013153 0.000841 2.392124
69 5.855618 0.011148 0.001216 5.866014 0.014751 0.000925 2.425875
70 5.890246 0.009162 0.002223 5.902035 0.012059 0.000905 2.459210
71 5.922729 0.009103 0.002224 5.933535 0.012855 0.000839 2.491447
72 5.955022 0.009853 0.001981 5.965502 0.013276 0.000898 2.523870
73 5.989593 0.009772 0.001082 6.002693 0.011216 0.000938 2.559000
74 6.023885 0.011885 0.001174 6.032725 0.012929 0.001032 2.594734
75 6.056777 0.022003 0.001261 6.065143 0.012965 0.001393 2.624268
76 6.087595 0.017280 0.001700 6.105446 0.009067 0.000797 2.659527
77 6.123568 0.016612 0.001221 6.132549 0.013292 0.000883 2.690917
78 6.155587 0.011061 0.001141 6.164803 0.014202 0.000887 2.724045
79 6.188174 0.010682 0.001089 6.204729 0.009731 0.000877 2.759585
80 6.223292 0.009347 0.002064 6.233488 0.013945 0.000807 2.792456
81 6.256132 0.008539 0.001797 6.266913 0.013566 0.000909 2.825887
82 6.291752 0.008418 0.002195 6.302226 0.008505 0.000907 2.855845
83 6.323490 0.018862 0.001536 6.333638 0.008891 0.001498 2.888217
84 6.355178 0.022506 0.001457 6.365602 0.011832 0.001512 2.923431
85 6.392312 0.009322 0.001167 6.404501 0.008406 0.000831 2.957903
86 6.423305 0.018909 0.001344 6.433894 0.008602 0.001569 2.988295
87 6.462546 0.010832 0.001539 6.465924 0.013643 0.000716 3.024530
88 6.492603 0.009753 0.001541 6.501085 0.008879 0.000826 3.055008
89 6.525030 0.009991 0.001485 6.533325 0.008845 0.000772 3.087124
90 6.556919 0.010138 0.001469 6.565427 0.008567 0.000958 3.119174
91 6.591936 0.009611 0.001358 6.604744 0.008495 0.000962 3.158420
92 6.623577 0.019456 0.001310 6.633845 0.009624 0.001287 3.188949
93 6.654105 0.013129 0.001218 6.670428 0.008148 0.000873 3.223666
94 6.693894 0.009597 0.001616 6.702313 0.008833 0.000878 3.256246
95 6.721871 0.010737 0.001844 6.733619 0.008684 0.000839 3.287359
96 6.755312 0.010105 0.001813 6.765849 0.008939 0.000854 3.319850
97 6.792280 0.018389 0.001361 6.801483 0.010661 0.000903 3.357254
98 6.822381 0.012931 0.000955 6.841565 0.008275 0.000782 3.394802
99 6.860625 0.014166 0.001477 6.865365 0.012030 0.000882 3.422442
100 6.890149 0.016804 0.000851 6.910836 0.008106 0.000842 3.463995
101 6.928867 0.017796 0.001537 6.934649 0.015995 0.000822 3.495672
102 6.959667 0.020671 0.000978 6.963635 0.017696 0.000931 3.526429
103 6.990093 0.010408 0.001547 6.998903 0.014544 0.001125 3.558959
104 7.024255 0.010737 0.001605 7.034031 0.008934 0.000882 3.588068
105 7.056874 0.010142 0.001503 7.064334 0.009734 0.000785 3.619073
106 7.095360 0.011909 0.001293 7.098427 0.012405 0.000717 3.655721
107 7.121861 0.020046 0.001600 7.132145 0.009732 0.001578 3.687721
108 7.156493 0.010411 0.001471 7.166744 0.008623 0.000748 3.720331
109 7.192087 0.010548 0.001543 7.201110 0.008231 0.000744 3.754310
110 7.224406 0.009855 0.001485 7.232880 0.009241 0.000802 3.787111
111 7.257889 0.012492 0.001509 7.263604 0.011775 0.000692 3.820287
112 7.295615 0.015876 0.001349 7.300211 0.011693 0.001214 3.857343
113 7.322503 0.012110 0.001155 7.337744 0.008627 0.000766 3.891355
114 7.355705 0.010937 0.001300 7.365584 0.008600 0.000887 3.919267
115 7.392394 0.009457 0.001915 7.403967 0.008687 0.000965 3.957809
116 7.422134 0.015240 0.001208 7.433489 0.011235 0.000855 3.989783
117 7.454470 0.011522 0.001820 7.466578 0.011261 0.000939 4.023001
118 7.490270 0.012975 0.001288 7.502928 0.011328 0.000894 4.059337
119 7.522775 0.009872 0.002081 7.533632 0.013880 0.000900 4.092574
120 7.557371 0.014272 0.001520 7.563627 0.017442 0.000939 4.126220
121 7.589857 0.009446 0.002558 7.601666 0.015040 0.000855 4.161773
122 7.626281 0.016880 0.001072 7.631517 0.012787 0.001045 4.195055
123 7.655129 0.013173 0.001352 7.666090 0.010419 0.000865 4.221581
124 7.691101 0.010213 0.001243 7.700846 0.012787 0.001059 4.258911
125 7.725035 0.010478 0.001197 7.731994 0.015367 0.000887 4.292501
126 7.758169 0.009643 0.001551 7.767837 0.008618 0.000853 4.321482
127 7.793915 0.010473 0.001472 7.801073 0.009684 0.000717 4.355713
128 7.824975 0.009992 0.001511 7.832511 0.009120 0.000744 4.386596
129 7.856359 0.008871 0.000922 7.868806 0.007815 0.000747 4.421590
130 7.892681 0.014168 0.001303 7.901216 0.008878 0.000752 4.455097
131 7.928921 0.013894 0.001280 7.932488 0.012900 0.000735 4.490350
132 7.956010 0.010066 0.000974 7.969617 0.007862 0.000732 4.522439
133 7.996274 0.011505 0.001209 7.998757 0.013170 0.000794 4.556967
134 8.029107 0.014456 0.001188 8.031369 0.013619 0.000878 4.590090
135 8.055649 0.009496 0.000902 8.068505 0.008342 0.000702 4.621774
136 8.092842 0.008769 0.001351 8.104521 0.008468 0.000751 4.657982
137 8.124682 0.009579 0.001460 8.133736 0.008402 0.000852 4.687205
138 8.155526 0.012488 0.002063 8.169657 0.008407 0.000908 4.723191
139 8.191744 0.012083 0.001226 8.202285 0.009009 0.000844 4.756347
140 8.222114 0.021719 0.001579 8.234708 0.012207 0.000879 4.792002
141 8.255699 0.009989 0.001026 8.269529 0.009355 0.000825 4.823905
142 8.289961 0.014341 0.001180 8.302607 0.010221 0.000843 4.857883
143 8.321915 0.008973 0.001526 8.334023 0.011301 0.000866 4.890384
144 8.354299 0.019354 0.001391 8.369116 0.011130 0.000987 4.925426
145 8.390048 0.025074 0.001498 8.402026 0.012957 0.001519 4.960827
146 8.424627 0.008719 0.001580 8.439069 0.009937 0.001002 4.994212
147 8.459378 0.022885 0.001507 8.468428 0.013637 0.001585 5.027971
148 8.491644 0.009609 0.001214 8.500483 0.013891 0.000850 5.059401
149 8.525058 0.009328 0.001276 8.537504 0.008694 0.000897 5.091307
150 8.559730 0.011627 0.001498 8.571542 0.009259 0.000805 5.125796
151 8.590018 0.016599 0.001635 8.602261 0.010298 0.000829 5.157583
152 8.622143 0.017377 0.001193 8.633014 0.011954 0.000825 5.190017
153 8.653668 0.009293 0.001105 8.669160 0.010505 0.000850 5.224704
154 8.689942 0.021064 0.001144 8.698381 0.013939 0.000978 5.257613
155 8.723968 0.009077 0.001713 8.735928 0.008342 0.000872 5.289351
156 8.761863 0.010258 0.001582 8.768099 0.010548 0.000738 5.323607
157 8.792499 0.010450 0.001641 8.800757 0.009739 0.000899 5.355585
158 8.823589 0.019094 0.001293 8.834265 0.009240 0.001213 5.388907
159 8.861772 0.011936 0.001550 8.872892 0.008507 0.000969 5.426562
160 8.895749 0.016390 0.001399 8.901482 0.010761 0.001317 5.457749
161 8.923839 0.009854 0.001974 8.934684 0.008504 0.000841 5.488217
162 8.961657 0.009418 0.001375 8.969889 0.008944 0.000812 5.523838
163 8.989804 0.014255 0.000956 9.007065 0.008312 0.000879 5.560452
164 9.033151 0.013276 0.001571 9.035307 0.014452 0.000921 5.594883
165 9.060504 0.009580 0.001899 9.071983 0.008336 0.000725 5.625271
166 9.093618 0.009601 0.001538 9.102895 0.008788 0.000831 5.656707
167 9.128239 0.016421 0.001101 9.130924 0.014198 0.001105 5.690452
168 9.160738 0.009938 0.001457 9.169740 0.008464 0.000737 5.723151
169 9.193103 0.010087 0.001219 9.199772 0.011227 0.000755 5.755946
170 9.224273 0.008433 0.002170 9.234652 0.008396 0.000862 5.788116
171 9.261925 0.016903 0.001412 9.269089 0.009727 0.001318 5.824485
172 9.292503 0.009752 0.001792 9.303125 0.008749 0.000889 5.856967
173 9.323075 0.021329 0.000939 9.332567 0.010595 0.000977 5.889549
174 9.364174 0.017121 0.000997 9.367636 0.012957 0.000928 5.926476
175 9.392119 0.010155 0.001542 9.401917 0.008622 0.000798 5.955513
176 9.424954 0.014254 0.001461 9.431672 0.012004 0.000723 5.988614
177 9.461045 0.017683 0.001133 9.469518 0.010824 0.000741 6.025300
178 9.492090 0.009913 0.001630 9.500477 0.008756 0.000855 6.054272
179 9.522854 0.012249 0.001389 9.537949 0.008268 0.000810 6.091209
180 9.561022 0.014556 0.001476 9.567618 0.011269 0.000741 6.123791
181 9.592731 0.017056 0.001204 9.600869 0.009205 0.001292 6.155585
182 9.624755 0.016321 0.000889 9.632262 0.009876 0.000841 6.187193
183 9.659860 0.009797 0.001564 9.668521 0.008571 0.000692 6.221983
184 9.691944 0.009917 0.001599 9.700913 0.008903 0.000805 6.254874
185 9.725238 0.013634 0.001512 9.733666 0.009481 0.000705 6.288049
186 9.760242 0.008963 0.001684 9.769836 0.008304 0.000742 6.323060
187 9.792730 0.009394 0.001638 9.801048 0.008582 0.000920 6.354739
188 9.823829 0.013802 0.001389 9.834249 0.009928 0.000851 6.389237
189 9.859704 0.011484 0.001294 9.874048 0.008480 0.000893 6.427614
190 9.891660 0.015573 0.001250 9.902109 0.011485 0.000879 6.458712
191 9.922366 0.011415 0.001502 9.933802 0.011834 0.000965 6.490756
192 9.957923 0.013608 0.001510 9.971605 0.011190 0.001070 6.528075
193 9.992833 0.014479 0.001175 9.999588 0.015991 0.000888 6.560675
194 10.025021 0.018864 0.001060 10.032487 0.014766 0.001066 6.593652
195 10.059763 0.009680 0.001999 10.070956 0.008478 0.000866 6.624528
196 10.091342 0.010521 0.001495 10.102258 0.009210 0.000822 6.656506
197 10.123940 0.012535 0.001394 10.139491 0.008526 0.000843 6.693051
198 10.158791 0.013822 0.001454 10.170763 0.009353 0.001030 6.725339
199 10.190021 0.012750 0.001153 10.201955 0.009083 0.000906 6.756160
200 10.221566 0.013400 0.001167 10.233620 0.011118 0.000870 6.790203
201 10.259781 0.009716 0.001486 10.268905 0.008929 0.000730 6.822719
202 10.293420 0.014433 0.001284 10.299199 0.011698 0.000712 6.855829
203 10.321977 0.010910 0.000859 10.336977 0.007921 0.000711 6.889806
204 10.364580 0.013297 0.001318 10.368615 0.013658 0.000780 6.927296
205 10.392944 0.009643 0.001408 10.401649 0.008887 0.001096 6.955840
206 10.422812 0.012478 0.000953 10.439964 0.008341 0.000817 6.993311
207 10.460328 0.014922 0.001459 10.468814 0.010530 0.000834 7.024368
208 10.490037 0.014325 0.001161 10.501355 0.011547 0.000896 7.057981
209 10.522545 0.008862 0.001022 10.537164 0.008936 0.000929 7.091251
210 10.557775 0.013170 0.001210 10.566339 0.014142 0.000885 7.126461
211 10.591488 0.010329 0.001679 10.602187 0.008734 0.000851 7.155965
212 10.624777 0.009197 0.001074 10.636993 0.007663 0.000702 7.189606
213 10.660741 0.016548 0.001404 10.669105 0.008490 0.001242 7.223028
214 10.696837 0.014790 0.001071 10.698894 0.013986 0.000805 7.257910
215 10.723757 0.009359 0.000877 10.736630 0.008209 0.000724 7.289789
216 10.760878 0.009835 0.001434 10.769832 0.008682 0.000715 7.323454
217 10.793260 0.016800 0.001030 10.801361 0.009451 0.000886 7.355888
218 10.824518 0.008908 0.000925 10.836798 0.008054 0.000698 7.389775
219 10.860526 0.010150 0.001520 10.868341 0.009239 0.000796 7.422603
220 10.893040 0.010647 0.001541 10.901396 0.009342 0.000722 7.455682
221 10.924816 0.008423 0.000879 10.939285 0.008025 0.000898 7.492406
222 10.967890 0.012135 0.001271 10.971311 0.012451 0.000769 7.528753
223 10.992970 0.013345 0.001307 11.003227 0.009230 0.000868 7.557479
224 11.021595 0.008925 0.001042 11.037412 0.008418 0.000987 7.591011
225 11.059159 0.017200 0.001536 11.070430 0.011490 0.000850 7.626985
226 11.092002 0.015201 0.001276 11.101887 0.010624 0.000840 7.657544
227 11.122118 0.013421 0.001707 11.137735 0.008476 0.000737 7.691170
228 11.159045 0.011962 0.001188 11.168322 0.011764 0.001009 7.727941
229 11.191597 0.015912 0.001562 11.200922 0.009804 0.001047 7.756014
230 11.222624 0.017007 0.001488 11.239289 0.009587 0.000853 7.793940
231 11.258519 0.020193 0.001151 11.267206 0.012568 0.001008 7.825034
232 11.289707 0.017077 0.001248 11.302079 0.010333 0.000957 7.857590
233 11.326962 0.015937 0.001453 11.337043 0.012309 0.000891 7.894455
234 11.358529 0.017017 0.001232 11.368894 0.012228 0.000940 7.926258
235 11.390088 0.009901 0.002196 11.402434 0.012384 0.000830 7.959873
236 11.426017 0.020974 0.001251 11.438756 0.012623 0.000813 7.996420
237 11.460211 0.011625 0.001165 11.468609 0.013963 0.000912 8.028326
238 11.492979 0.014184 0.001550 11.501980 0.009269 0.000858 8.056314
239 11.531293 0.014479 0.001567 11.537266 0.013092 0.000745 8.095323
240 11.560693 0.018493 0.001058 11.569995 0.009916 0.000924 8.125041
241 11.590705 0.009489 0.001751 11.602084 0.008623 0.000870 8.155770
242 11.628906 0.016963 0.001610 11.636295 0.009730 0.001590 8.191826
243 11.658683 0.012562 0.001543 11.673909 0.008195 0.000927 8.227224
244 11.691780 0.014254 0.000806 11.709550 0.008310 0.000934 8.262998
245 11.727263 0.013467 0.001551 11.741391 0.008549 0.000895 8.295044
246 11.759482 0.022554 0.001661 11.769081 0.013099 0.001583 8.327961
247 11.791811 0.016369 0.001306 11.801250 0.011236 0.000896 8.357551
248 11.827667 0.011375 0.001089 11.837849 0.012525 0.000871 8.395462
249 11.859625 0.011532 0.001273 11.869593 0.014247 0.001010 8.429201
250 11.893006 0.010262 0.001833 11.899889 0.015216 0.001088 8.461002
251 11.928148 0.009454 0.001562 11.936572 0.008640 0.000861 8.490330
252 11.966606 0.016031 0.001430 11.972127 0.011010 0.001405 8.528733
253 11.994381 0.010241 0.001461 12.007346 0.008138 0.000761 8.560441
254 12.028373 0.009257 0.001619 12.037544 0.009313 0.000903 8.591949
255 12.059617 0.015538 0.000911 12.078484 0.008397 0.000720 8.631774
256 12.097532 0.017062 0.001333 12.101414 0.012826 0.001303 8.660169
257 12.128234 0.009214 0.001775 12.139004 0.008330 0.000830 8.692387
258 12.160623 0.008690 0.001951 12.171129 0.008421 0.000836 8.724583
259 12.191866 0.009424 0.000911 12.206293 0.008310 0.000739 8.759561
260 12.229261 0.010373 0.001467 12.235743 0.009913 0.000759 8.790618
261 12.262789 0.013500 0.001281 12.266756 0.012646 0.000728 8.824354
262 12.292139 0.009644 0.001690 12.302318 0.009045 0.000812 8.856358
263 12.329497 0.009644 0.001601 12.338266 0.008606 0.000736 8.891825
264 12.361067 0.016983 0.001169 12.366324 0.012303 0.001092 8.923939
265 12.393017 0.013906 0.001536 12.400670 0.009778 0.000974 8.955618
266 12.429546 0.011398 0.000855 12.448400 0.008226 0.000784 9.001636
267 12.468286 0.015832 0.001401 12.469457 0.015274 0.001310 9.030246
268 12.495510 0.018708 0.001356 12.501674 0.011924 0.001411 9.059771
269 12.527702 0.009659 0.001734 12.538061 0.009169 0.000790 9.092240
270 12.561428 0.014058 0.001411 12.568524 0.009549 0.000859 9.123143
271 12.590784 0.016288 0.000941 12.610661 0.008345 0.000829 9.164055
272 12.629678 0.009875 0.001590 12.637740 0.009363 0.000837 9.192150
273 12.659415 0.012230 0.001001 12.674544 0.008560 0.000862 9.228185
274 12.694206 0.010599 0.001000 12.709318 0.008424 0.000932 9.262902
275 12.726888 0.010704 0.001644 12.737653 0.009310 0.000861 9.292022
276 12.758271 0.014212 0.000848 12.776285 0.008561 0.000812 9.329847
277 12.795187 0.012371 0.001522 12.801525 0.012055 0.000891 9.358639
278 12.831169 0.017898 0.001317 12.838001 0.011073 0.001539 9.394766
279 12.859695 0.010355 0.001637 12.869774 0.009454 0.000855 9.424275
280 12.889995 0.012932 0.001445 12.905762 0.008549 0.000967 9.459470
281 12.928569 0.016964 0.001462 12.936840 0.008765 0.001328 9.491200
282 12.960754 0.009686 0.001458 12.968290 0.009188 0.000738 9.522439
283 12.993073 0.009140 0.001025 13.005444 0.007859 0.000717 9.558246
284 13.029390 0.010221 0.001560 13.036783 0.009673 0.000744 9.591450
285 13.063123 0.016080 0.001124 13.066613 0.014774 0.000748 9.626328
286 13.092036 0.009238 0.000914 13.104640 0.007833 0.000714 9.657412
287 13.135877 0.013887 0.000853 13.134851 0.011883 0.001290 9.694859
288 13.160465 0.009138 0.002188 13.171782 0.008652 0.000838 9.725467
289 13.191295 0.012230 0.001688 13.206209 0.010585 0.000771 9.761785
290 13.227734 0.013001 0.001336 13.239845 0.008669 0.000872 9.793541
291 13.257893 0.021711 0.001802 13.270843 0.008959 0.001732 9.825727
292 13.289637 0.018079 0.001326 13.305186 0.008772 0.000898 9.859091
293 13.327019 0.009225 0.001572 13.338474 0.011627 0.000939 9.895228
294 13.359242 0.011767 0.001133 13.369788 0.013249 0.000902 9.928165
295 13.392564 0.008971 0.001191 13.405044 0.012276 0.000901 9.962407
296 13.426607 0.009831 0.002003 13.437315 0.012906 0.000852 9.995280
297 13.459049 0.015440 0.001185 13.469152 0.013684 0.000821 10.027871
298 13.491656 0.017502 0.001651 13.509452 0.008816 0.000939 10.063402
299 13.527461 0.013560 0.001162 13.538011 0.011154 0.000864 10.094260
300 13.557606 0.013998 0.001150 13.569843 0.011062 0.000828 10.125926
301 13.589902 0.017584 0.001397 13.605400 0.009075 0.000852 10.159521
302 13.626628 0.017056 0.001298 13.638533 0.010066 0.000985 10.193805
303 13.657894 0.010854 0.001286 13.667858 0.012337 0.001001 10.227308
304 13.691954 0.008622 0.001112 13.708056 0.010714 0.000914 10.263877
305 13.728758 0.010188 0.001603 13.740022 0.012069 0.000868 10.297114
306 13.762564 0.011954 0.001256 13.769824 0.013041 0.001000 10.329969
307 13.795788 0.009305 0.001592 13.805182 0.008975 0.000920 10.359308
308 13.826630 0.011344 0.001011 13.844724 0.008510 0.000788 10.398245
309 13.866961 0.014556 0.001313 13.867504 0.014499 0.001394 10.427619
310 13.893597 0.013676 0.001163 13.906710 0.010866 0.000970 10.462734
311 13.926159 0.010867 0.001852 13.937605 0.012566 0.000923 10.495253
312 13.959359 0.020195 0.001504 13.968964 0.012870 0.000949 10.526999
313 13.993831 0.022067 0.001233 14.006203 0.011465 0.000960 10.562840
314 14.026268 0.009083 0.002303 14.037862 0.011591 0.000903 10.594585
315 14.058379 0.009152 0.002232 14.069632 0.012677 0.000863 10.627365
316 14.093873 0.016111 0.001087 14.114597 0.009384 0.000827 10.669022
317 14.135425 0.016271 0.001440 14.136979 0.014445 0.001409 10.697381
318 14.161435 0.011649 0.001101 14.167390 0.015788 0.000855 10.728246
319 14.193801 0.009899 0.001197 14.207171 0.011154 0.000989 10.763523
320 14.227585 0.009991 0.001126 14.236865 0.013267 0.000892 10.795247
321 14.258725 0.009591 0.002284 14.269306 0.014760 0.000817 10.829116
322 14.293531 0.016944 0.001622 14.313396 0.008117 0.000867 10.866573
323 14.331782 0.014379 0.001260 14.336080 0.014465 0.000858 10.895629
324 14.359035 0.015673 0.001180 14.369058 0.012600 0.000870 10.926738
325 14.395040 0.015801 0.001232 14.405567 0.013265 0.000871 10.963898
326 14.428110 0.018995 0.001153 14.437813 0.014636 0.000918 10.997556
327 14.461346 0.010292 0.001186 14.467929 0.015670 0.000914 11.028754
328 14.493888 0.009531 0.001453 14.506892 0.011694 0.000856 11.063637
329 14.527067 0.010193 0.001337 14.537034 0.013879 0.000870 11.095970
330 14.559517 0.011884 0.001156 14.569026 0.013470 0.000855 11.127543
331 14.594096 0.020668 0.001270 14.605512 0.013325 0.000778 11.163824
332 14.627529 0.009775 0.001684 14.637493 0.013153 0.000900 11.195951
333 14.661128 0.009659 0.001428 14.669834 0.009079 0.000849 11.223953
334 14.696382 0.011710 0.001573 14.707286 0.008495 0.000855 11.260831
335 14.727585 0.023708 0.001450 14.738133 0.012775 0.001278 11.296993
336 14.762567 0.020763 0.001846 14.766177 0.017251 0.001752 11.329346
337 14.793555 0.008358 0.001378 14.811393 0.008271 0.000796 11.364658
338 14.828480 0.014564 0.001183 14.837940 0.014717 0.000932 11.397801
339 14.862310 0.011289 0.001217 14.867773 0.015373 0.001013 11.429856
340 14.893552 0.009978 0.002410 14.905773 0.013639 0.000859 11.464771
341 14.930009 0.009913 0.001558 14.937866 0.009234 0.000854 11.492145
342 14.959049 0.013732 0.001755 14.973735 0.008743 0.000791 11.527459
343 14.995667 0.011985 0.001268 15.006424 0.008621 0.000875 11.560109
344 15.028158 0.012926 0.002427 15.042745 0.008617 0.000912 11.596485
345 15.061039 0.012107 0.001510 15.069857 0.010684 0.000827 11.625581
346 15.096384 0.012096 0.000953 15.113980 0.008714 0.000793 11.667704
347 15.138013 0.012007 0.001339 15.138509 0.014248 0.000938 11.697897
348 15.163270 0.013380 0.001147 15.166577 0.019731 0.000903 11.731417
349 15.195018 0.010659 0.002000 15.206385 0.013378 0.000885 11.764858
350 15.228812 0.010436 0.001244 15.236363 0.015342 0.000934 11.797438
351 15.262121 0.012796 0.001426 15.269442 0.010702 0.000843 11.825177
352 15.295654 0.016645 0.001569 15.306214 0.012240 0.000911 11.863574
353 15.327613 0.019374 0.001471 15.337450 0.012225 0.000920 11.894819
354 15.360776 0.021941 0.001558 15.374234 0.011196 0.000914 11.930557
355 15.393968 0.013325 0.001106 15.406129 0.011374 0.000858 11.962555
356 15.426274 0.009642 0.002210 15.437537 0.012455 0.000843 11.995065
357 15.458901 0.016403 0.001453 15.473960 0.009025 0.000857 12.028033
358 15.494148 0.015033 0.000861 15.512623 0.008090 0.000851 12.065769
359 15.532102 0.010224 0.001436 15.542333 0.009029 0.000756 12.096339
360 15.563540 0.009405 0.001789 15.573762 0.009146 0.000823 12.127922
361 15.594943 0.013085 0.002076 15.609771 0.008658 0.000843 12.163461
362 15.629487 0.015690 0.001218 15.638349 0.012267 0.000797 12.195616
363 15.662528 0.020457 0.001248 15.674127 0.013110 0.000848 12.232298
364 15.696039 0.010099 0.001246 15.704501 0.012076 0.001019 12.266713
365 15.726030 0.010438 0.002015 15.737429 0.011329 0.000836 12.293749
366 15.757434 0.017589 0.001287 15.773615 0.010098 0.000830 12.328755
367 15.795192 0.013871 0.001062 15.812271 0.008391 0.000820 12.365673
368 15.832633 0.017479 0.001274 15.836619 0.014510 0.000991 12.396290
369 15.862291 0.013214 0.001148 15.873413 0.013178 0.000921 12.431666
370 15.896415 0.010255 0.001340 15.904530 0.010997 0.000984 12.467187
371 15.928335 0.017160 0.001619 15.936485 0.013529 0.000885 12.495092
372 15.959317 0.011207 0.001352 15.973696 0.009586 0.000868 12.528341
373 15.993905 0.013640 0.001162 16.005688 0.010759 0.000867 12.561499
374 16.025870 0.009672 0.002284 16.038066 0.011718 0.000922 12.594878
375 16.058816 0.008494 0.001080 16.077787 0.009354 0.000892 12.632243
376 16.096620 0.018274 0.001150 16.104806 0.014285 0.000825 12.664120
377 16.127889 0.025726 0.001102 16.138543 0.015849 0.001054 12.699662
378 16.163147 0.015461 0.001183 16.173085 0.012550 0.000923 12.730781
379 16.194486 0.016951 0.001223 16.205385 0.012126 0.000940 12.762603
380 16.226154 0.020503 0.001313 16.238233 0.013205 0.000836 12.796486
381 16.260155 0.023920 0.001250 16.275619 0.009996 0.001009 12.830833
382 16.295590 0.011755 0.001132 16.304900 0.013950 0.000846 12.863904
383 16.329807 0.010089 0.001821 16.335477 0.011527 0.001008 12.897486
384 16.361475 0.018035 0.001256 16.377762 0.009285 0.000869 12.932140
385 16.396173 0.010533 0.001089 16.405836 0.013587 0.000784 12.964399
386 16.428143 0.010991 0.001826 16.436567 0.010656 0.001001 12.996694
387 16.464414 0.009282 0.001681 16.473241 0.009150 0.000887 13.027459
388 16.496092 0.011635 0.000901 16.512163 0.008385 0.000714 13.065480
389 16.535725 0.011754 0.004105 16.541738 0.010700 0.000925 13.097554
390 16.564149 0.015366 0.001229 16.572368 0.013621 0.000888 13.131091
391 16.594621 0.009241 0.002218 16.605462 0.013224 0.000869 13.163743
392 16.630146 0.010459 0.001188 16.635160 0.014601 0.001036 13.197825
393 16.663758 0.009817 0.001691 16.673827 0.008801 0.000907 13.227751
394 16.695372 0.019150 0.001222 16.705995 0.009829 0.000955 13.260966
395 16.725864 0.014388 0.001074 16.743247 0.008366 0.000824 13.296638
396 16.763173 0.010419 0.000936 16.776538 0.008356 0.000748 13.329859
397 16.796111 0.009287 0.000927 16.810069 0.008671 0.000699 13.363659
398 16.830348 0.017416 0.001336 16.837531 0.010698 0.001332 13.393768
399 16.865362 0.011049 0.001617 16.874878 0.009179 0.000746 13.429058
400 16.893864 0.009926 0.000925 16.909604 0.008140 0.000868 13.462829
401 16.927496 0.020280 0.001489 16.938192 0.009512 0.001470 13.493515
402 16.964840 0.009344 0.001478 16.973259 0.009072 0.000842 13.527378
403 16.996862 0.008949 0.001737 17.006568 0.008579 0.000751 13.560117
404 17.028780 0.016896 0.001420 17.036366 0.009443 0.001332 13.591329
405 17.063816 0.009590 0.001534 17.072899 0.008328 0.000703 13.626133
406 17.096768 0.014250 0.001322 17.104656 0.009343 0.000785 13.659001
407 17.134092 0.010696 0.001226 17.135479 0.014814 0.000815 13.695298
408 17.164429 0.008729 0.001656 17.173945 0.008963 0.000857 13.727972
409 17.195425 0.009330 0.001869 17.205903 0.008362 0.000878 13.759352
410 17.230696 0.018899 0.001410 17.237470 0.012485 0.001403 13.795550
411 17.263045 0.011075 0.001251 17.273793 0.011305 0.000738 13.830023
412 17.293395 0.009043 0.001281 17.305620 0.013512 0.000771 13.864161
413 17.328436 0.009746 0.001868 17.336509 0.014669 0.000952 13.896287
414 17.361768 0.013026 0.001109 17.374128 0.011909 0.000980 13.931206
415 17.396824 0.011468 0.001110 17.404304 0.014335 0.000884 13.963770
416 17.430357 0.016778 0.001079 17.437832 0.010419 0.000938 13.993342
417 17.468118 0.014829 0.001510 17.476778 0.009349 0.000864 14.031207
418 17.498194 0.016175 0.001264 17.505713 0.008485 0.001225 14.059906
419 17.529248 0.014101 0.001535 17.536226 0.010808 0.000885 14.092163
420 17.564534 0.009842 0.001477 17.573060 0.008753 0.000781 14.126849
421 17.596965 0.009917 0.001547 17.605281 0.008612 0.000755 14.158891
422 17.628861 0.008678 0.001540 17.635939 0.009769 0.000867 14.190768
423 17.665596 0.010048 0.001438 17.671889 0.010842 0.000715 14.227667
424 17.696436 0.009490 0.001665 17.705176 0.008745 0.000998 14.259102
425 17.727091 0.011429 0.001700 17.739240 0.008897 0.000864 14.293206
426 17.764885 0.011765 0.001458 17.770993 0.011173 0.000733 14.327118
427 17.797120 0.017938 0.001324 17.802287 0.012786 0.001341 14.360566
428 17.828638 0.009365 0.001744 17.840478 0.008697 0.000731 14.394125
429 17.866601 0.014397 0.001596 17.871454 0.012786 0.000798 14.429258
430 17.895993 0.018116 0.001267 17.904612 0.008844 0.001399 14.459604
431 17.926622 0.011744 0.001056 17.940844 0.008253 0.000803 14.494108
432 17.963713 0.018918 0.001308 17.973311 0.009983 0.001241 14.528729
433 17.994319 0.017285 0.001174 18.005144 0.012531 0.000782 14.562665
434 18.028377 0.009981 0.001719 18.041229 0.008270 0.000742 14.594439
435 18.065584 0.016977 0.001555 18.072733 0.009955 0.001450 14.628308
436 18.096633 0.008420 0.000922 18.109593 0.008231 0.000764 14.662804
437 18.128955 0.009068 0.000953 18.141021 0.008128 0.000698 14.694064
438 18.164788 0.015099 0.001269 18.172744 0.009624 0.000769 14.727340
439 18.206513 0.014207 0.001158 18.205048 0.015357 0.001109 14.766151
440 18.232676 0.018377 0.001366 18.242003 0.009516 0.001247 14.796965
441 18.263417 0.008860 0.001870 18.274762 0.008450 0.000855 14.828281
442 18.294747 0.012806 0.001684 18.309418 0.008321 0.000995 14.862926
443 18.326793 0.015415 0.001610 18.342295 0.009423 0.000881 14.896754
444 18.362645 0.013298 0.001517 18.377492 0.008391 0.000964 14.931057
445 18.395610 0.022687 0.001400 18.401988 0.016451 0.001550 14.964244
446 18.427891 0.015049 0.001176 18.448352 0.008362 0.000846 15.001768
447 18.465693 0.020476 0.001514 18.472116 0.014190 0.001415 15.031878
448 18.495448 0.011530 0.001162 18.502127 0.013818 0.001024 15.066775
449 18.525940 0.014248 0.000772 18.546387 0.008275 0.000891 15.099723
450 18.566227 0.010206 0.000888 18.580288 0.008471 0.000834 15.133792
451 18.599850 0.010607 0.001907 18.612565 0.008282 0.000808 15.165879
452 18.630870 0.011151 0.001529 18.641797 0.008684 0.000898 15.195573
453 18.662318 0.014936 0.007567 18.676792 0.008552 0.000948 15.230509
454 18.701265 0.008706 0.000966 18.713399 0.008504 0.000828 15.266966
455 18.732545 0.009440 0.001413 18.741969 0.008854 0.000813 15.295792
456 18.764461 0.011890 0.001024 18.780841 0.008757 0.000868 15.334645
457 18.799063 0.013586 0.001225 18.805777 0.011796 0.000864 15.362640
458 18.832513 0.012615 0.001154 18.841607 0.013395 0.000895 15.400090
459 18.865721 0.018811 0.001090 18.871459 0.011899 0.000989 15.433690
460 18.902802 0.016364 0.001594 18.904995 0.014179 0.001590 15.464956
461 18.931988 0.009044 0.002035 18.942801 0.008370 0.000863 15.496227
462 18.962595 0.013343 0.001874 18.977409 0.008626 0.000916 15.531104
463 18.996199 0.015063 0.000886 19.014240 0.008470 0.000703 15.567639
464 19.033680 0.009772 0.001560 19.041865 0.008842 0.000860 15.595721
465 19.063506 0.015297 0.001144 19.073275 0.012258 0.000909 15.630598
466 19.094327 0.018913 0.001591 19.105170 0.013026 0.000850 15.663254
467 19.139255 0.008469 0.001719 19.148384 0.008922 0.000860 15.702368
468 19.166804 0.019791 0.001445 19.171495 0.014784 0.001427 15.732243
469 19.195780 0.015608 0.001176 19.204850 0.014062 0.000936 15.764040
470 19.230546 0.009427 0.002217 19.241827 0.012537 0.000894 15.799451
471 19.262917 0.016497 0.001223 19.273082 0.016012 0.001007 15.834292
472 19.298961 0.019740 0.001048 19.304548 0.018442 0.000932 15.868144
473 19.331939 0.011038 0.001123 19.342271 0.014177 0.000851 15.901508
474 19.365478 0.013987 0.001195 19.372030 0.015271 0.001006 15.933499
475 19.397314 0.017278 0.001413 19.407196 0.009596 0.000973 15.962014
476 19.432889 0.019191 0.001223 19.441353 0.010180 0.001115 15.997541
477 19.464153 0.018410 0.001255 19.472495 0.010502 0.001451 16.028634
478 19.494119 0.012672 0.000840 19.512823 0.008567 0.000931 16.066513
479 19.531236 0.011824 0.001896 19.545544 0.008416 0.000851 16.099015
480 19.565002 0.017217 0.001376 19.573427 0.009252 0.001346 16.128217
481 19.594790 0.011195 0.001592 19.605971 0.008630 0.000856 16.159678
482 19.638780 0.016770 0.000896 19.641330 0.014976 0.000836 16.201348
483 19.666956 0.009531 0.001563 19.676663 0.009265 0.000896 16.230979
484 19.696359 0.015257 0.001663 19.705415 0.011498 0.000854 16.261970
485 19.730888 0.023116 0.001139 19.744498 0.010614 0.000908 16.300209
486 19.764190 0.022485 0.001071 19.772601 0.013273 0.001142 16.331944
487 19.795629 0.011584 0.001273 19.802192 0.017167 0.001011 16.365774
488 19.831831 0.009739 0.001522 19.841658 0.008543 0.000808 16.395220
489 19.869030 0.014908 0.001189 19.873746 0.012365 0.000882 16.431215
490 19.896793 0.009595 0.001421 19.905739 0.008619 0.000873 16.459415
491 19.933614 0.009477 0.001855 19.945553 0.008429 0.000783 16.498987
492 19.964559 0.010462 0.001475 19.974065 0.009390 0.000763 16.528439
493 19.996921 0.008846 0.001642 20.008558 0.008314 0.000851 16.561918
494 20.033957 0.010989 0.001506 20.042908 0.008487 0.000881 16.596467
495 20.064172 0.009596 0.001537 20.073147 0.008567 0.000917 16.626837
496 20.095613 0.011299 0.000903 20.109844 0.008327 0.000815 16.663195
497 20.133039 0.013601 0.001484 20.141273 0.009384 0.000733 16.695611
498 20.168156 0.015104 0.000950 20.172138 0.012310 0.000805 16.729476
499 20.195978 0.009643 0.001699 20.206236 0.008727 0.000905 16.760075
