# kolumny: 1-nr, 2-czas przechwycenia(L), 3- przetwarzanie(L), 4-przeplot(L)
# 5-czas przechwycenia(R), 6-przetwarzanie(R), 7-przeplot(R),
# 8- czas wyświetlenia gotowej ramki  

0 3.295932 0.008868 0.000786 3.286560 0.010057 0.001109 0.000000
1 3.355083 0.007762 0.000741 3.334567 0.008255 0.000879 0.058127
2 3.421313 0.007106 0.000766 3.401769 0.008013 0.000736 0.123686
3 3.489119 0.007711 0.000709 3.457710 0.007027 0.000705 0.192060
4 3.558354 0.006999 0.000744 3.517305 0.008260 0.000773 0.260584
5 3.623140 0.009949 0.000802 3.577637 0.008355 0.000983 0.328413
6 3.689771 0.008034 0.000738 3.644604 0.008351 0.000866 0.393027
7 3.759171 0.007085 0.000735 3.709607 0.007269 0.000853 0.461514
8 3.822266 0.007519 0.000673 3.781142 0.008624 0.000990 0.524946
9 3.891203 0.007849 0.000712 3.842832 0.009097 0.000850 0.594288
10 3.959238 0.009693 0.000795 3.912448 0.008424 0.000997 0.664239
11 4.018871 0.007601 0.000759 3.980246 0.008432 0.000903 0.721724
12 4.088561 0.008018 0.000734 4.037808 0.008153 0.000920 0.791799
13 4.158327 0.007120 0.000698 4.109171 0.008342 0.000857 0.860637
14 4.219623 0.007117 0.000707 4.177604 0.008276 0.000842 0.921930
15 4.290248 0.008084 0.000771 4.238202 0.008376 0.000944 0.993619
16 4.359203 0.007702 0.000746 4.310099 0.008226 0.000877 1.062158
17 4.422225 0.007708 0.000740 4.380331 0.008379 0.000893 1.125173
18 4.491251 0.007643 0.000697 4.441304 0.008379 0.000840 1.194106
19 4.556198 0.006872 0.000726 4.512274 0.008519 0.000866 1.258292
20 4.623173 0.007586 0.000769 4.574379 0.008321 0.000956 1.326027
21 4.688189 0.007866 0.000768 4.642143 0.008625 0.000878 1.391368
22 4.757500 0.007244 0.000759 4.709005 0.008529 0.000901 1.460023
23 4.823196 0.009306 0.000687 4.777265 0.008408 0.000904 1.527714
24 4.890295 0.007823 0.000727 4.843829 0.008454 0.000907 1.593313
25 4.958696 0.007180 0.000769 4.910020 0.008119 0.000979 1.661235
26 5.023167 0.011096 0.000725 4.979641 0.008154 0.000893 1.729513
27 5.091218 0.007729 0.000751 5.045521 0.008273 0.000929 1.794167
28 5.159212 0.009021 0.000714 5.112465 0.008460 0.000863 1.863477
29 5.223166 0.007999 0.000729 5.179484 0.008144 0.000923 1.926418
30 5.291128 0.009878 0.000776 5.244451 0.008360 0.000936 1.996301
31 5.359155 0.011193 0.000753 5.312449 0.008324 0.000911 2.065600
32 5.419628 0.006830 0.000734 5.381577 0.008242 0.000860 2.121714
33 5.490284 0.007544 0.000700 5.438082 0.008301 0.000894 2.193027
34 5.559221 0.007870 0.000734 5.509103 0.008181 0.000896 2.262349
35 5.622300 0.006933 0.000773 5.580431 0.008559 0.000977 2.324535
36 5.691145 0.007041 0.000747 5.641547 0.008276 0.000885 2.393452
37 5.756462 0.007825 0.000778 5.798572 0.007736 0.000708 2.501479
38 6.090328 0.007803 0.000716 5.858112 0.008171 0.000686 2.793379
39 6.158244 0.007676 0.000709 6.110965 0.008898 0.000916 2.861152
40 6.222737 0.011950 0.000758 6.180391 0.008992 0.000947 2.929855
41 6.291200 0.007915 0.000743 6.247067 0.008308 0.000919 2.994385
42 6.355792 0.007867 0.000768 6.313663 0.008869 0.000888 3.058920
43 6.423335 0.007768 0.000693 6.377824 0.008309 0.000821 3.126253
44 6.487135 0.007528 0.000722 6.445538 0.008738 0.000858 3.189903
45 6.558255 0.006941 0.000810 6.507234 0.008606 0.001012 3.260534
46 6.623165 0.009839 0.000785 6.578586 0.009041 0.000891 3.328275
47 6.691099 0.008968 0.000860 6.645467 0.009053 0.000876 3.395387
48 6.759146 0.007773 0.000692 6.714092 0.009071 0.000861 3.462132
49 6.821985 0.007648 0.000715 6.781443 0.008738 0.000854 3.524761
50 6.891362 0.007049 0.000795 6.841585 0.008645 0.000958 3.593699
51 6.955875 0.007562 0.000729 6.912106 0.008185 0.001016 3.658725
52 7.023133 0.007692 0.000737 6.974750 0.008195 0.000886 3.726054
53 7.091371 0.009996 0.000713 7.044318 0.008442 0.000885 3.796571
54 7.159158 0.011671 0.000712 7.112710 0.008452 0.000853 3.866029
55 7.218929 0.007828 0.000763 7.182436 0.010187 0.000995 3.922002
56 7.290617 0.007689 0.000760 7.238286 0.008331 0.000884 3.993552
57 7.359211 0.007772 0.000710 7.310051 0.008227 0.000915 4.062189
58 7.422294 0.007765 0.000689 7.380448 0.008669 0.000868 4.125288
59 7.491253 0.008877 0.000925 7.441941 0.008350 0.000876 4.195579
60 7.559178 0.009968 0.000788 7.513241 0.008445 0.000998 4.264455
61 7.623145 0.007192 0.000731 7.580574 0.008817 0.000909 4.325597
62 7.691118 0.010007 0.000761 7.644093 0.008460 0.000941 4.396443
63 7.758538 0.007402 0.000676 7.712580 0.008344 0.000886 4.461141
64 7.823169 0.009047 0.000762 7.777759 0.008364 0.000903 4.527527
65 7.890280 0.007518 0.000758 7.843557 0.008345 0.001039 4.593146
66 7.959146 0.007776 0.000742 7.909825 0.008051 0.000943 4.662193
67 8.023360 0.011706 0.000737 7.980368 0.008502 0.000889 4.730333
68 8.090285 0.007703 0.000689 8.048120 0.008162 0.000960 4.793195
69 8.159152 0.009867 0.000725 8.111673 0.008269 0.000877 4.864264
70 8.223162 0.007179 0.000783 8.180773 0.008417 0.000961 4.925639
71 8.287845 0.007541 0.000759 8.244092 0.008417 0.000856 4.990703
72 8.357739 0.007967 0.000738 8.306715 0.008164 0.000912 5.060937
73 8.423142 0.010041 0.000731 8.377547 0.008134 0.000875 5.128435
74 8.490256 0.006959 0.000734 8.446601 0.008320 0.000843 5.192470
75 8.556461 0.008547 0.000878 8.509453 0.008516 0.001003 5.260417
76 8.622273 0.008032 0.000751 8.580216 0.008589 0.001096 5.325541
77 8.691096 0.007682 0.000728 8.643134 0.008281 0.000822 5.394027
78 8.759135 0.009832 0.000697 8.713346 0.008788 0.000816 5.464150
79 8.823139 0.007884 0.000736 8.781394 0.008878 0.000923 5.526280
80 8.891095 0.009977 0.000775 8.845526 0.008670 0.000935 5.596338
81 8.959176 0.011119 0.000739 8.913503 0.008498 0.000885 5.665517
82 9.023213 0.009794 0.000751 8.982739 0.008268 0.000854 5.728252
83 9.090560 0.007445 0.000678 9.045357 0.008106 0.000871 5.793176
84 9.159187 0.007117 0.000743 9.110367 0.009051 0.000835 5.861570
85 9.223107 0.011757 0.000751 9.181114 0.008652 0.000970 5.930026
86 9.291171 0.007813 0.000740 9.247196 0.008301 0.000900 5.994210
87 9.356233 0.007520 0.000738 9.313553 0.008471 0.001000 6.059009
88 9.423207 0.007770 0.000687 9.376797 0.008151 0.000840 6.126181
89 9.491180 0.009358 0.000747 9.445434 0.009090 0.000897 6.195733
90 9.559228 0.011759 0.000785 9.512925 0.008858 0.000911 6.266276
91 9.621627 0.010010 0.000759 9.587545 0.008213 0.001262 6.326904
92 9.690265 0.007537 0.000748 9.644810 0.008980 0.001012 6.393038
93 9.759136 0.007157 0.000699 9.710782 0.008548 0.000865 6.461477
94 9.823257 0.011310 0.000723 9.779963 0.008645 0.000851 6.529873
95 9.891134 0.008094 0.000806 9.845901 0.008574 0.000899 6.594538
96 9.956329 0.007943 0.000745 9.912544 0.008427 0.000932 6.659585
97 10.023210 0.007987 0.000730 9.977087 0.008576 0.000880 6.726430
98 10.091356 0.010193 0.000726 10.044543 0.008381 0.000897 6.796773
99 10.158530 0.007230 0.000725 10.112838 0.008394 0.000842 6.860970
100 10.223141 0.009048 0.000815 10.177636 0.008647 0.000942 6.927490
101 10.290520 0.007686 0.000717 10.243610 0.009633 0.000913 6.993446
102 10.359355 0.008478 0.000904 10.310020 0.008468 0.000863 7.063327
103 10.420450 0.007698 0.000719 10.380983 0.008276 0.000875 7.123389
104 10.491154 0.007636 0.000752 10.440857 0.008464 0.000866 7.194071
105 10.559175 0.009007 0.000774 10.512306 0.008713 0.000953 7.263482
106 10.623134 0.007831 0.000726 10.579542 0.008405 0.000989 7.326212
107 10.688383 0.006931 0.000738 10.644295 0.008775 0.000899 7.390602
108 10.758265 0.007586 0.000690 10.706593 0.008105 0.000884 7.461108
109 10.819058 0.006912 0.000729 10.777784 0.008390 0.000883 7.521244
110 10.890250 0.007958 0.000782 10.837891 0.008420 0.000953 7.593523
111 10.959170 0.007814 0.000755 10.910054 0.008292 0.000898 7.662259
112 11.023186 0.011009 0.000723 10.980464 0.008862 0.000850 7.729413
113 11.091178 0.007962 0.000693 11.045496 0.008217 0.000895 7.794288
114 11.154979 0.007159 0.000735 11.112478 0.008063 0.000896 7.857364
115 11.223155 0.007713 0.000775 11.173889 0.008654 0.000933 7.926129
116 11.287669 0.007718 0.000724 11.244418 0.008462 0.000947 7.990635
117 11.358350 0.007662 0.000742 11.306695 0.008434 0.000866 8.061251
118 11.423189 0.009883 0.000700 11.377977 0.008303 0.000862 8.128248
119 11.491158 0.011090 0.000731 11.444266 0.008430 0.000901 8.197494
120 11.559366 0.007816 0.000790 11.513582 0.008372 0.000947 8.262496
121 11.622251 0.008045 0.000741 11.580627 0.008551 0.000911 8.325506
122 11.691160 0.007651 0.000721 11.642062 0.008456 0.000871 8.394019
123 11.755795 0.008052 0.000699 11.712271 0.008284 0.000879 8.459037
124 11.823178 0.007126 0.000716 11.776962 0.008420 0.000857 8.525509
125 11.887790 0.007770 0.000798 11.844028 0.008447 0.000956 8.590886
126 11.959141 0.011011 0.000745 11.908802 0.008177 0.000936 8.665458
127 12.019552 0.007533 0.000739 11.981481 0.008143 0.000812 8.722343
128 12.090561 0.006898 0.000687 12.038477 0.008617 0.000867 8.792638
129 12.159135 0.007707 0.000707 12.109533 0.008057 0.000980 8.862050
130 12.221590 0.007871 0.000759 12.180394 0.008434 0.000976 8.924721
131 12.291171 0.007690 0.000753 12.241614 0.008425 0.000886 8.994097
132 12.356121 0.007757 0.000752 12.312324 0.008738 0.000913 9.059213
133 12.422059 0.007871 0.000692 12.376886 0.008263 0.000904 9.125125
134 12.488516 0.006872 0.000711 12.443529 0.008066 0.000878 9.190617
135 12.558319 0.007102 0.000813 12.506668 0.008348 0.000957 9.260686
136 12.618943 0.007457 0.000731 12.577591 0.008259 0.000932 9.321645
137 12.688486 0.007713 0.000759 12.637942 0.008264 0.001032 9.391456
138 12.759351 0.007193 0.000723 12.707604 0.008524 0.000874 9.461788
139 12.822196 0.007945 0.000711 12.780175 0.008131 0.000892 9.525376
140 12.891191 0.007804 0.000793 12.841897 0.008271 0.000942 9.594289
141 12.956175 0.007565 0.000766 12.912430 0.008344 0.000883 9.659055
142 13.023350 0.008339 0.000904 12.976735 0.008492 0.000889 9.727173
143 13.091987 0.007919 0.000787 13.044937 0.008304 0.000922 9.795210
144 13.158290 0.007785 0.000731 13.111273 0.008452 0.000886 9.861307
145 13.223213 0.009731 0.000813 13.177349 0.008398 0.000949 9.928259
146 13.291161 0.012148 0.000746 13.244368 0.008468 0.000902 9.998503
147 13.359258 0.007057 0.000749 13.314490 0.008092 0.000893 10.061589
148 13.420452 0.007847 0.000727 13.380015 0.008230 0.000932 10.123550
149 13.491126 0.007780 0.000706 13.441010 0.008561 0.000866 10.194140
150 13.555793 0.007842 0.000785 13.512329 0.008531 0.000909 10.258842
151 13.623270 0.007711 0.000720 13.576702 0.007772 0.000864 10.326224
152 13.686923 0.006948 0.000725 13.644383 0.008394 0.000908 10.389117
153 13.758298 0.007528 0.000686 13.705876 0.008474 0.000858 10.461031
154 13.820484 0.007621 0.000755 13.777007 0.008518 0.000876 10.523390
155 13.890255 0.007541 0.000778 13.839348 0.008238 0.000946 10.593059
156 13.959149 0.007933 0.000734 13.909828 0.008454 0.000899 10.662293
157 14.020258 0.007637 0.000715 13.980334 0.008514 0.000878 10.723115
158 14.091110 0.007037 0.000694 14.039150 0.008493 0.000859 10.793397
159 14.159126 0.009772 0.000741 14.111797 0.008430 0.000855 10.864136
160 14.223144 0.007618 0.000778 14.180110 0.008429 0.000951 10.926042
161 14.289862 0.007754 0.000746 14.244244 0.008461 0.000864 10.992873
162 14.358536 0.007607 0.000706 14.309934 0.007206 0.001046 11.061373
163 14.423153 0.009660 0.000712 14.377487 0.008480 0.000900 11.128052
164 14.488331 0.007584 0.000712 14.444131 0.008770 0.000897 11.191130
165 14.559171 0.007138 0.000764 14.507163 0.008300 0.001074 11.261573
166 14.623347 0.009320 0.000733 14.579990 0.008103 0.000984 11.327897
167 14.691172 0.007061 0.000743 14.643902 0.008099 0.000960 11.393497
168 14.759214 0.009235 0.000679 14.711880 0.008024 0.000884 11.463637
169 14.823233 0.007910 0.000736 14.779596 0.008627 0.000892 11.526403
170 14.891258 0.009765 0.000803 14.844407 0.008520 0.000971 11.596316
171 14.958557 0.007767 0.000739 14.912438 0.008488 0.000939 11.661554
172 15.020234 0.007768 0.000759 14.977631 0.008632 0.000862 11.723282
173 15.090266 0.006964 0.000728 15.039244 0.008226 0.000904 11.792480
174 15.159154 0.007097 0.000743 15.109490 0.008410 0.000865 11.861501
175 15.222227 0.007587 0.000786 15.183123 0.008539 0.000946 11.925157
176 15.291132 0.008822 0.000937 15.241205 0.008325 0.000906 11.995416
177 15.359246 0.007192 0.000712 15.313044 0.008600 0.001007 12.061653
178 15.423191 0.007924 0.000702 15.377771 0.008196 0.000951 12.126345
179 15.488493 0.007827 0.000735 15.444423 0.008638 0.000906 12.191551
180 15.558305 0.007637 0.000772 15.507670 0.008663 0.001031 12.261253
181 15.623168 0.009097 0.000765 15.577891 0.008337 0.000890 12.327555
182 15.690346 0.007683 0.000732 15.643577 0.008558 0.000897 12.393275
183 15.759344 0.007906 0.000693 15.709282 0.008157 0.000884 12.462439
184 15.822270 0.006946 0.000760 15.780551 0.008666 0.000926 12.524497
185 15.888424 0.007674 0.000788 15.841562 0.008354 0.000958 12.591403
186 15.956516 0.007612 0.000740 15.909746 0.008056 0.000927 12.659338
187 16.023446 0.007780 0.000734 15.976865 0.008465 0.000865 12.726483
188 16.088198 0.007619 0.000724 16.044548 0.008428 0.000901 12.791066
189 16.157233 0.007618 0.000752 16.107082 0.008023 0.000852 12.860161
190 16.223184 0.009821 0.000797 16.176994 0.008634 0.001006 12.928325
191 16.290620 0.007846 0.000756 16.244467 0.008614 0.000867 12.993759
192 16.359145 0.007827 0.000726 16.309751 0.008671 0.001013 13.062196
193 16.422119 0.007772 0.000721 16.380333 0.008468 0.000861 13.125132
194 16.491141 0.007402 0.000857 16.441185 0.008544 0.000890 13.193922
195 16.559117 0.009289 0.000767 16.512318 0.008762 0.000967 13.263676
196 16.623177 0.008047 0.000733 16.579802 0.008179 0.000922 13.326440
197 16.691149 0.009953 0.000755 16.644490 0.008364 0.000913 13.396385
198 16.758217 0.007058 0.000729 16.712426 0.008135 0.000941 13.460501
199 16.820182 0.007030 0.000735 16.777508 0.008392 0.000853 13.522446
200 16.890255 0.007527 0.000780 16.838453 0.008413 0.000990 13.593079
201 16.959210 0.007995 0.000716 16.909095 0.008119 0.000960 13.662417
202 17.022241 0.007073 0.000755 16.980500 0.008529 0.000912 13.724569
203 17.091100 0.007669 0.000779 17.041531 0.008730 0.000972 13.794039
204 17.159363 0.009684 0.000744 17.115046 0.008615 0.000894 13.864339
205 17.223335 0.007610 0.000784 17.180364 0.008714 0.001019 13.926224
206 17.288370 0.007012 0.000755 17.244367 0.008415 0.000905 13.990665
207 17.358298 0.008198 0.000741 17.306634 0.008069 0.000882 14.061735
208 17.420009 0.007002 0.000706 17.377754 0.008602 0.000850 14.122220
209 17.490236 0.007543 0.000722 17.438320 0.009300 0.000930 14.192992
210 17.559088 0.007660 0.000789 17.509009 0.008429 0.001028 14.262032
211 17.627133 0.009046 0.000743 17.580134 0.007926 0.000944 14.331453
212 17.691198 0.007874 0.000713 17.647504 0.008393 0.000876 14.394270
213 17.755778 0.007652 0.000682 17.712322 0.008474 0.000868 14.458606
214 17.826514 0.007544 0.000736 17.774673 0.008569 0.000897 14.529277
215 17.888492 0.006927 0.000756 17.845285 0.008392 0.000946 14.590668
216 17.958266 0.007563 0.000738 17.906801 0.008422 0.000953 14.661062
217 18.027110 0.007050 0.000759 17.977723 0.008158 0.000828 14.729412
218 18.089865 0.007766 0.000680 18.047856 0.008470 0.000918 14.792809
219 18.159132 0.007619 0.000746 18.109753 0.008483 0.000836 14.861993
220 18.227102 0.009725 0.000780 18.180222 0.008579 0.000975 14.932105
221 18.288145 0.007081 0.000719 18.248431 0.008238 0.000935 14.990442
222 18.359336 0.009687 0.000742 18.311705 0.008445 0.000946 15.064264
223 18.426175 0.006850 0.000759 18.382703 0.008467 0.000852 15.128336
224 18.491120 0.009740 0.000721 18.445470 0.008314 0.000869 15.196147
225 18.559055 0.011028 0.000764 18.512212 0.008368 0.000967 15.265378
226 18.624469 0.007074 0.000747 18.581478 0.008530 0.000931 15.326809
227 18.691055 0.012120 0.000725 18.645153 0.008352 0.000930 15.398376
228 18.759051 0.007669 0.000677 18.714599 0.010167 0.000969 15.461922
229 18.824478 0.007741 0.000767 18.777992 0.009810 0.000898 15.527467
230 18.891132 0.007801 0.000776 18.841462 0.010573 0.000974 15.594225
231 18.959148 0.009550 0.000788 18.910232 0.009793 0.000987 15.664005
232 19.026329 0.007048 0.000847 18.980238 0.009643 0.000917 15.728668
233 19.088419 0.007724 0.000741 19.043499 0.009853 0.000881 15.791380
234 19.159087 0.009443 0.000725 19.107121 0.008885 0.000847 15.863766
235 19.227076 0.007250 0.000754 19.179001 0.009906 0.000912 15.929551
236 19.291098 0.009900 0.000778 19.245905 0.010309 0.000878 15.996250
237 19.359096 0.007728 0.000738 19.311226 0.009891 0.000869 16.062080
238 19.427035 0.007150 0.000702 19.378248 0.009620 0.000906 16.129399
239 19.491058 0.007761 0.000729 19.443841 0.008779 0.000839 16.194066
240 19.556234 0.007858 0.000809 19.510130 0.010119 0.001051 16.259381
241 19.626215 0.007773 0.000737 19.573456 0.009591 0.000901 16.329244
242 19.691019 0.007162 0.000740 19.643244 0.009623 0.000850 16.393433
243 19.759035 0.011993 0.000686 19.707353 0.010295 0.000849 16.466197
244 19.827113 0.007612 0.000718 19.782524 0.010577 0.000875 16.529954
245 19.890476 0.007683 0.000764 19.847995 0.008527 0.000981 16.593400
246 19.959083 0.007929 0.000723 19.907431 0.010489 0.000905 16.662203
247 20.027053 0.009755 0.000825 19.978196 0.010314 0.000861 16.732094
248 20.091069 0.007898 0.000705 20.046222 0.009602 0.000816 16.794159
249 20.159179 0.009778 0.000728 20.110232 0.010160 0.000867 16.864203
250 20.226214 0.007147 0.000784 20.178518 0.010151 0.001090 16.928648
251 20.288117 0.007812 0.000746 20.245535 0.008454 0.000884 16.991209
252 20.357961 0.007069 0.000762 20.308820 0.008259 0.000939 17.060305
253 20.427061 0.007816 0.000681 20.375847 0.008998 0.000884 17.130070
254 20.490351 0.007909 0.000730 20.446171 0.010368 0.000887 17.193439
255 20.559155 0.007774 0.000792 20.507417 0.009952 0.000931 17.262240
256 20.627154 0.009702 0.000751 20.578391 0.009511 0.000957 17.332126
257 20.691164 0.007660 0.000739 20.646134 0.010059 0.000823 17.394050
258 20.756203 0.007812 0.000721 20.710243 0.010026 0.000876 17.459214
259 20.826472 0.007613 0.000710 20.773252 0.009559 0.000818 17.529224
260 20.888253 0.007686 0.000809 20.843182 0.010845 0.000957 17.591213
261 20.956412 0.007880 0.000744 20.905291 0.009857 0.000870 17.659555
262 21.027108 0.007743 0.000740 20.973595 0.009941 0.000844 17.730073
263 21.088408 0.007780 0.000702 21.048262 0.008365 0.000877 17.791400
264 21.159163 0.007962 0.000720 21.105477 0.010168 0.000900 17.862363
265 21.224204 0.007733 0.000778 21.178470 0.009922 0.000940 17.927213
266 21.291124 0.007834 0.000746 21.241288 0.009532 0.000878 17.994221
267 21.359093 0.010010 0.000737 21.310351 0.010026 0.000908 18.064291
268 21.426270 0.007556 0.000711 21.378655 0.010175 0.000870 18.129021
269 21.488263 0.007705 0.000723 21.442998 0.010159 0.000879 18.191238
270 21.558228 0.007607 0.000747 21.508250 0.008455 0.000953 18.261073
271 21.627216 0.007673 0.000724 21.577169 0.008343 0.000952 18.330083
272 21.688426 0.007811 0.000738 21.647180 0.009126 0.000997 18.391432
273 21.759197 0.008366 0.000688 21.705455 0.010216 0.000875 18.462770
274 21.827085 0.009948 0.000739 21.778593 0.010547 0.000868 18.532248
275 21.891101 0.007951 0.000773 21.846329 0.009711 0.000947 18.594309
276 21.959102 0.009789 0.000774 21.910354 0.010275 0.000929 18.664142
277 22.026509 0.007671 0.000743 21.978176 0.009692 0.000823 18.729382
278 22.091076 0.009849 0.000735 22.045870 0.008659 0.000839 18.796182
279 22.158272 0.007145 0.000747 22.110139 0.010444 0.000894 18.860655
280 22.227161 0.007693 0.000757 22.175459 0.010255 0.000918 18.930085
281 22.290217 0.007176 0.000769 22.246210 0.010045 0.000915 18.992673
282 22.359158 0.007750 0.000725 22.309559 0.008334 0.000896 19.062089
283 22.424428 0.007874 0.000733 22.378124 0.010140 0.000876 19.127538
284 22.491088 0.007785 0.000729 22.441529 0.010684 0.000967 19.194081
285 22.556515 0.007732 0.000807 22.510206 0.011031 0.000952 19.259530
286 22.627191 0.009325 0.000745 22.573514 0.010157 0.000868 19.331739
287 22.691096 0.010003 0.000746 22.647013 0.009980 0.000853 19.396337
288 22.758514 0.007559 0.000673 22.710717 0.010220 0.000885 19.461219
289 22.827107 0.007901 0.000732 22.775156 0.010094 0.000881 19.530219
290 22.890353 0.007858 0.000759 22.846315 0.010352 0.001105 19.593429
291 22.959084 0.007804 0.000744 22.907435 0.010155 0.000879 19.662150
292 23.027116 0.009898 0.000759 22.978284 0.009613 0.000929 19.732254
293 23.091132 0.007533 0.000712 23.046312 0.009850 0.000746 19.793889
294 23.156233 0.007854 0.000753 23.112282 0.008745 0.000893 19.859320
295 23.226527 0.007578 0.000772 23.175052 0.008451 0.000970 19.929398
296 23.291209 0.009658 0.000754 23.245529 0.009717 0.000874 19.996109
297 23.358470 0.007158 0.000728 23.310299 0.010226 0.000879 20.060834
298 23.427109 0.007650 0.000690 23.376262 0.008768 0.000848 20.129966
299 23.490274 0.008038 0.000717 23.446081 0.009681 0.000896 20.193545
300 23.559096 0.007689 0.000774 23.509663 0.009975 0.000976 20.262027
301 23.624470 0.007958 0.000742 23.578118 0.009291 0.000972 20.327691
302 23.691076 0.007718 0.000734 23.641743 0.009881 0.000879 20.394041
303 23.756520 0.007821 0.000720 23.710053 0.010788 0.000833 20.459542
304 23.826303 0.007595 0.000708 23.775458 0.008748 0.000925 20.529087
305 23.888488 0.007424 0.000795 23.843091 0.010327 0.000948 20.591205
306 23.958228 0.007990 0.000735 23.905305 0.009469 0.000855 20.661472
307 24.027195 0.007871 0.000731 23.975412 0.010305 0.000821 20.730280
308 24.090280 0.007096 0.000719 24.046326 0.011315 0.000849 20.792614
309 24.159123 0.007797 0.000731 24.109442 0.010176 0.000867 20.862167
310 24.227083 0.009831 0.000795 24.178233 0.010033 0.001015 20.932194
311 24.291122 0.007767 0.000743 24.246215 0.010113 0.000766 20.994151
312 24.359126 0.009774 0.000727 24.310391 0.009616 0.000922 21.064109
313 24.426477 0.007544 0.000683 24.378096 0.009659 0.000780 21.129185
314 24.491247 0.007108 0.000735 24.443202 0.010448 0.000846 21.193584
315 24.558288 0.007651 0.000768 24.507530 0.009813 0.000954 21.261195
316 24.627217 0.007679 0.000722 24.577280 0.010211 0.000975 21.330137
317 24.690208 0.007644 0.000714 24.646215 0.010654 0.000953 21.393083
318 24.759137 0.008000 0.000696 24.707068 0.010283 0.000816 21.462353
319 24.824247 0.007937 0.000759 24.778351 0.010247 0.000929 21.527469
320 24.891096 0.007668 0.000762 24.845033 0.008507 0.000961 21.594041
321 24.959100 0.009821 0.000756 24.910077 0.010477 0.000909 21.664129
322 25.026502 0.007589 0.000749 24.978220 0.010324 0.000886 21.729251
323 25.088193 0.007707 0.000706 25.043231 0.010546 0.000882 21.791083
324 25.158199 0.007962 0.000724 25.105088 0.010580 0.000931 21.861351
325 25.227137 0.007838 0.000749 25.175278 0.010113 0.000984 21.930243
326 25.290213 0.007933 0.000715 25.246291 0.010245 0.000970 21.993381
327 25.359159 0.007786 0.000728 25.307885 0.008973 0.000970 22.062101
328 25.427147 0.009862 0.000686 25.378202 0.010103 0.000877 22.132210
329 25.491067 0.007889 0.000715 25.446168 0.010099 0.000928 22.194186
330 25.559148 0.010239 0.000792 25.510301 0.009991 0.000935 22.264668
331 25.626496 0.007152 0.000739 25.579374 0.009594 0.000852 22.328907
332 25.691160 0.009855 0.000753 25.643635 0.009873 0.000877 22.396281
333 25.759118 0.009332 0.000706 25.710294 0.009975 0.000857 22.463608
334 25.827170 0.007711 0.000726 25.778906 0.010365 0.001015 22.530091
335 25.891082 0.009340 0.000779 25.846208 0.009815 0.000959 22.595714
336 25.959084 0.007166 0.000716 25.911003 0.010039 0.000911 22.661482
337 26.024489 0.007732 0.000769 25.977984 0.009432 0.001133 22.727474
338 26.091143 0.007678 0.000703 26.041560 0.009590 0.000861 22.793940
339 26.156519 0.007740 0.000750 26.109974 0.009895 0.000874 22.859455
340 26.226514 0.007125 0.000751 26.173481 0.010047 0.000910 22.928907
341 26.291158 0.009871 0.000768 26.247322 0.008871 0.000892 22.996314
342 26.358261 0.007594 0.000729 26.310741 0.010164 0.001024 23.061062
343 26.423848 0.007775 0.000696 26.375084 0.010340 0.000847 23.126839
344 26.490306 0.007049 0.000735 26.444580 0.010019 0.000841 23.192615
345 26.559088 0.007715 0.000771 26.509578 0.008313 0.000940 23.262050
346 26.627142 0.009926 0.000761 26.578129 0.009770 0.000947 23.332342
347 26.691097 0.007749 0.000739 26.646334 0.010065 0.000863 23.394102
348 26.756255 0.007701 0.000727 26.710195 0.010347 0.000859 23.459196
349 26.827070 0.011866 0.000734 26.773262 0.009718 0.000834 23.534189
350 26.888240 0.007680 0.000788 26.848232 0.010277 0.000888 23.591179
351 26.958263 0.007097 0.000746 26.905228 0.009968 0.000876 23.660587
352 27.027103 0.007723 0.000707 26.977554 0.008300 0.000851 23.730020
353 27.090530 0.007544 0.000698 27.046135 0.010208 0.000898 23.793259
354 27.159149 0.007810 0.000719 27.107263 0.010300 0.000889 23.862161
355 27.227122 0.009775 0.000778 27.178208 0.009881 0.001068 23.932162
356 27.291138 0.007782 0.000742 27.248289 0.008582 0.000884 23.994074
357 27.356500 0.007697 0.000740 27.310116 0.010195 0.000922 24.059412
358 27.426505 0.007778 0.000699 27.373506 0.009391 0.000825 24.129473
359 27.491083 0.009812 0.000715 27.443430 0.010618 0.000906 24.196020
360 27.558261 0.007829 0.000772 27.510126 0.009184 0.000856 24.261301
361 27.627031 0.007701 0.000723 27.575291 0.010229 0.000928 24.329937
362 27.690519 0.007731 0.000725 27.646082 0.010088 0.000916 24.393460
363 27.756441 0.007689 0.000722 27.707459 0.010245 0.000846 24.459342
364 27.824250 0.007641 0.000756 27.775389 0.010179 0.000853 24.527125
365 27.891072 0.007834 0.000765 27.841159 0.009840 0.001064 24.594151
366 27.956475 0.006975 0.000735 27.910333 0.009585 0.000936 24.658697
367 28.027143 0.011774 0.000739 27.972750 0.009870 0.000897 24.734136
368 28.088514 0.008352 0.000710 28.050363 0.010132 0.000840 24.792073
369 28.158279 0.006998 0.000745 28.106325 0.010026 0.000830 24.860503
370 28.227171 0.007765 0.000760 28.175407 0.010356 0.001054 24.930185
371 28.291073 0.011849 0.000734 28.246362 0.009566 0.000934 24.998174
372 28.359148 0.007840 0.000735 28.314377 0.009627 0.000855 25.062239
373 28.424032 0.007621 0.000685 28.378332 0.010135 0.000921 25.126806
374 28.491074 0.007678 0.000719 28.442619 0.009911 0.000860 25.193984
375 28.559149 0.009626 0.000763 28.510090 0.009803 0.001039 25.264023
376 28.627098 0.009339 0.000764 28.580269 0.009955 0.000920 25.331667
377 28.688321 0.008000 0.000774 28.645687 0.010641 0.000887 25.391615
378 28.758505 0.007736 0.000696 28.705620 0.010513 0.000857 25.461415
379 28.827136 0.007715 0.000719 28.775403 0.010278 0.000912 25.530019
380 28.891084 0.009691 0.000811 28.846145 0.009828 0.001019 25.596066
381 28.959150 0.008009 0.000740 28.911204 0.010476 0.001024 25.662415
382 29.024026 0.007547 0.000724 28.978403 0.010148 0.000859 25.726811
383 29.091079 0.007577 0.000697 29.042560 0.009830 0.000816 25.793868
384 29.159154 0.008969 0.000727 29.112218 0.008363 0.000846 25.863308
385 29.226261 0.007654 0.000775 29.177316 0.010651 0.000965 25.929174
386 29.285665 0.007438 0.000776 29.245252 0.010073 0.000900 25.988366
387 29.358524 0.007495 0.000758 29.302279 0.010207 0.000904 26.061303
388 29.427134 0.007986 0.000678 29.375811 0.010338 0.000850 26.130279
389 29.490305 0.007818 0.000726 29.446301 0.010112 0.000878 26.193326
390 29.559132 0.007794 0.000771 29.507315 0.010216 0.000934 26.262183
391 29.624206 0.007704 0.000730 29.578252 0.010402 0.000899 26.327122
392 29.691142 0.007909 0.000738 29.644188 0.008471 0.000898 26.394280
393 29.759058 0.009786 0.000696 29.710352 0.010163 0.000843 26.464020
394 29.826184 0.006947 0.000761 29.778040 0.009538 0.000768 26.528408
395 29.888257 0.007645 0.000779 29.843348 0.010576 0.000919 26.591196
396 29.958211 0.007906 0.000734 29.905254 0.010142 0.000863 26.661324
397 30.027143 0.007728 0.000739 29.975265 0.010443 0.000873 26.730093
398 30.090202 0.007890 0.000690 30.046172 0.010052 0.000860 26.793258
399 30.159074 0.007797 0.000738 30.107252 0.010280 0.000924 26.862124
400 30.224436 0.007930 0.000784 30.178209 0.010888 0.000958 26.927596
401 30.291078 0.007770 0.000734 30.241635 0.009471 0.000849 26.994100
402 30.356457 0.007576 0.000736 30.312340 0.008068 0.000929 27.059242
403 30.426474 0.007503 0.000700 30.373232 0.009758 0.000834 27.129199
404 30.488200 0.007798 0.000745 30.443625 0.008877 0.000826 27.191213
405 30.558511 0.007875 0.000793 30.508852 0.008586 0.001007 27.261697
406 30.627096 0.007751 0.000741 30.576459 0.008886 0.000918 27.330103
407 30.690100 0.007869 0.000718 30.646187 0.010371 0.000926 27.393205
408 30.759075 0.007134 0.000713 30.707191 0.010003 0.000931 27.461401
409 30.824463 0.007954 0.000748 30.777923 0.009589 0.000918 27.527644
410 30.891060 0.007494 0.000773 30.841695 0.009472 0.000944 27.593808
411 30.959085 0.009787 0.000733 30.909919 0.009464 0.000887 27.664123
412 31.026485 0.007515 0.000749 30.980156 0.008657 0.000861 27.729228
413 31.088171 0.007764 0.000722 31.043711 0.009400 0.000855 27.791140
414 31.158250 0.007666 0.000712 31.106773 0.009252 0.000887 27.861112
415 31.227067 0.007540 0.000779 31.175108 0.010247 0.001078 27.929872
416 31.290512 0.007176 0.000718 31.246007 0.009366 0.000948 27.992925
417 31.359103 0.007690 0.000745 31.309700 0.008423 0.000883 28.062003
418 31.427073 0.007258 0.000700 31.378100 0.009505 0.000872 28.129514
419 31.491093 0.007834 0.000711 31.443472 0.010145 0.000900 28.194118
420 31.559202 0.009853 0.000812 31.510169 0.010387 0.000958 28.264383
421 31.626526 0.007063 0.000725 31.578819 0.009831 0.000912 28.328830
422 31.688213 0.007576 0.000754 31.645633 0.008459 0.000888 28.391060
423 31.758261 0.007935 0.000702 31.705021 0.010116 0.000901 28.461411
424 31.827155 0.007989 0.000705 31.775381 0.010057 0.000850 28.530368
425 31.890218 0.007171 0.000803 31.846316 0.010338 0.000923 28.592602
426 31.959090 0.007729 0.000739 31.907453 0.010514 0.000916 28.662070
427 32.024216 0.007683 0.000747 31.978195 0.010325 0.000861 28.727131
428 32.088204 0.008020 0.000729 32.041150 0.010002 0.000848 28.791435
429 32.156476 0.007453 0.000739 32.105435 0.010227 0.000912 28.859181
430 32.224256 0.007650 0.000791 32.173208 0.009901 0.000898 28.927176
431 32.291072 0.009794 0.000769 32.244639 0.009442 0.000850 28.996117
432 32.358278 0.007925 0.000745 32.310306 0.009919 0.001057 29.061462
433 32.427074 0.007137 0.000674 32.375439 0.010133 0.000831 29.129405
434 32.490200 0.007994 0.000730 32.447841 0.008388 0.000894 29.193448
435 32.559016 0.007647 0.000775 32.507371 0.010332 0.000929 29.261851
436 32.624191 0.007706 0.000755 32.580221 0.009155 0.000918 29.327169
437 32.691083 0.007692 0.000722 32.641124 0.010108 0.000885 29.394015
438 32.756184 0.007838 0.000817 32.712222 0.008537 0.000842 29.459362
439 32.826467 0.007600 0.000725 32.773366 0.009503 0.000758 29.529282
440 32.887625 0.007770 0.000776 32.843277 0.010099 0.000903 29.590690
441 32.959055 0.009613 0.000783 32.904731 0.010478 0.000893 29.663966
442 33.027107 0.007720 0.000735 32.979133 0.009873 0.000834 29.730035
443 33.090470 0.007855 0.000718 33.046119 0.009956 0.000927 29.793524
444 33.159029 0.008074 0.000728 33.107505 0.010311 0.000914 29.862321
445 33.224489 0.007667 0.000810 33.178320 0.010362 0.001070 29.927482
446 33.291052 0.007898 0.000743 33.243322 0.008672 0.000909 29.994176
447 33.356196 0.007708 0.000746 33.310241 0.010217 0.000891 30.059163
448 33.426201 0.007878 0.000718 33.373209 0.009637 0.000814 30.129277
449 33.491062 0.009687 0.000722 33.443785 0.009612 0.000916 30.195987
450 33.559089 0.009485 0.000801 33.510095 0.009796 0.000877 30.263891
451 33.627125 0.007834 0.000726 33.579063 0.010539 0.000873 30.330164
452 33.690517 0.007501 0.000744 33.647260 0.009130 0.000830 30.393177
453 33.759036 0.007631 0.000673 33.707137 0.009769 0.000868 30.461755
454 33.824138 0.007894 0.000773 33.777875 0.009743 0.000877 30.527249
455 33.888212 0.007616 0.000760 33.841160 0.010609 0.001038 30.591065
456 33.956474 0.007400 0.000740 33.905095 0.010443 0.000959 30.659090
457 34.026164 0.007670 0.000726 33.975112 0.008035 0.000870 30.729060
458 34.088155 0.007336 0.000684 34.043670 0.009827 0.000817 30.790655
459 34.158458 0.007506 0.000713 34.104719 0.009400 0.000925 30.861161
460 34.227123 0.007774 0.000748 34.175516 0.009303 0.000918 30.930161
461 34.292444 0.007693 0.000757 34.246215 0.009897 0.000966 30.995381
462 34.359033 0.007157 0.000749 34.309435 0.009550 0.000860 31.061422
463 34.424138 0.007665 0.000726 34.377887 0.009500 0.000879 31.127007
464 34.495057 0.011780 0.000712 34.441059 0.009880 0.000904 31.202062
465 34.559097 0.009778 0.000796 34.517053 0.008575 0.000847 31.264125
466 34.627130 0.010970 0.000725 34.580237 0.008027 0.001012 31.333317
467 34.695049 0.007766 0.000714 34.649348 0.008449 0.000886 31.398015
468 34.758252 0.007652 0.000704 34.716225 0.009264 0.000883 31.461092
469 34.827069 0.007040 0.000743 34.777783 0.008163 0.000884 31.529332
470 34.895318 0.009201 0.000798 34.847763 0.008542 0.000994 31.599877
471 34.959171 0.007786 0.000715 34.915824 0.008276 0.000948 31.662155
472 35.024096 0.006931 0.000724 34.980314 0.008552 0.000902 31.726249
473 35.094255 0.007516 0.000693 35.042316 0.008218 0.000896 31.796957
474 35.156209 0.007689 0.000736 35.113743 0.008267 0.000963 31.859065
475 35.226550 0.007076 0.000792 35.175646 0.008337 0.001005 31.928933
476 35.292248 0.008057 0.000742 35.245703 0.008313 0.000932 31.995567
477 35.359075 0.011007 0.000751 35.313227 0.007263 0.000859 32.065320
478 35.427093 0.007937 0.000689 35.382418 0.008152 0.000848 32.130238
479 35.495098 0.009402 0.000733 35.449414 0.008547 0.001060 32.199755
480 35.558593 0.007658 0.000755 35.516848 0.008219 0.000962 32.261526
481 35.627101 0.009667 0.000745 35.580682 0.008919 0.000958 32.332041
482 35.694576 0.009370 0.000760 35.652222 0.009015 0.000933 32.399197
483 35.759123 0.009812 0.000739 35.718147 0.009727 0.000878 32.464197
484 35.827136 0.011955 0.000709 35.783320 0.008872 0.000879 32.534290
485 35.895091 0.007236 0.000862 35.851378 0.008259 0.000929 32.597650
486 35.958586 0.007480 0.000753 35.916276 0.008643 0.000903 32.661327
487 36.027054 0.007809 0.000786 35.977837 0.008372 0.000892 32.730143
488 36.095049 0.009760 0.000727 36.046150 0.008329 0.000905 32.800042
489 36.156486 0.008019 0.000759 36.116108 0.008190 0.000911 32.859772
490 36.224185 0.006903 0.000775 36.179166 0.008995 0.000897 32.926388
491 36.294148 0.007888 0.000726 36.242398 0.008436 0.000907 32.997261
492 36.359286 0.009247 0.000743 36.313373 0.008503 0.000897 33.063780
493 36.426542 0.007186 0.000678 36.379820 0.008384 0.000913 33.128900
494 36.495083 0.007862 0.000718 36.445692 0.008229 0.000876 33.198153
495 36.557630 0.007561 0.000792 36.516277 0.008208 0.000882 33.260471
496 36.627081 0.007958 0.000743 36.576529 0.008949 0.001095 33.330272
497 36.690781 0.007060 0.000725 36.648370 0.008449 0.000916 33.393056
498 36.759201 0.008015 0.000693 36.709822 0.008306 0.000872 33.462411
499 36.827058 0.009879 0.000754 36.780470 0.008547 0.000833 33.532211
